 Bins    Order     Time    Rows    Missing    Missing %  Scheme        RMSE
------  -------  -------  ------  ---------  -----------  --------  --------
   195        6  23.8081  122643      93600       76.319  MEAN       6.99923
   190        6  23.2013  122643      93249       76.033  MEAN       6.99928
   195        5  25.1342  122644      80413       65.566  MEAN       7.00572
   185        6  24.3707  122643      93124       75.931  MEAN       7.01247
   175        6  24.3138  122643      92397       75.338  MEAN       7.01499
   180        6  22.7549  122643      92986       75.818  MEAN       7.02108
   190        5  23.955   122644      79374       64.719  MEAN       7.02838
   170        6  24.6002  122643      91883       74.919  MEAN       7.03385
   165        6  22.9402  122643      90535       73.82   MEAN       7.05292
   185        5  25.8578  122644      78558       64.054  MEAN       7.06903
   160        6  24.689   122643      89199       72.731  MEAN       7.07897
   155        6  22.1582  122643      87949       71.711  MEAN       7.11051
   180        5  22.492   122644      77717       63.368  MEAN       7.11103
   150        6  24.9125  122643      87050       70.978  MEAN       7.13133
   175        5  22.9533  122644      76691       62.531  MEAN       7.13167
   145        6  24.1353  122643      85559       69.763  MEAN       7.15705
   140        6  24.7023  122643      84679       69.045  MEAN       7.177
   170        5  25.9684  122644      74415       60.676  MEAN       7.18855
   195        6  39.3313  122643      93600       76.319  MEDIAN     7.20709
   190        6  35.9802  122643      93249       76.033  MEDIAN     7.21547
   185        6  33.8394  122643      93124       75.931  MEDIAN     7.21982
   135        6  24.4222  122643      82919       67.61   MEAN       7.2218
   180        6  37.2545  122643      92986       75.818  MEDIAN     7.22493
   175        6  38.4867  122643      92397       75.338  MEDIAN     7.23096
   195        7  24.2653  122642      99806       81.38   MEAN       7.23742
   185        7  24.6952  122642      99717       81.307  MEAN       7.24254
   175        7  25.0973  122642      98273       80.13   MEAN       7.24326
   190        7  22.7966  122642      99728       81.316  MEAN       7.24417
   170        6  37.0945  122643      91883       74.919  MEDIAN     7.24765
   130        6  24.4451  122643      81415       66.384  MEAN       7.24905
   180        7  22.7223  122642      99712       81.303  MEAN       7.25237
   170        7  21.858   122642      98214       80.082  MEAN       7.25578
   165        5  23.1422  122644      71855       58.588  MEAN       7.25953
   165        7  22.2697  122642      97871       79.802  MEAN       7.2616
   165        6  37.8263  122643      90535       73.82   MEDIAN     7.26718
   160        7  24.018   122642      97229       79.279  MEAN       7.27216
   155        7  21.3702  122642      95911       78.204  MEAN       7.28403
   125        6  25.3505  122643      79599       64.903  MEAN       7.28478
   160        6  42.0104  122643      89199       72.731  MEDIAN     7.29158
   150        7  25.1206  122642      94943       77.415  MEAN       7.29439
   145        7  23.1811  122642      94332       76.917  MEAN       7.29701
   140        7  24.6619  122642      93431       76.182  MEAN       7.30834
   135        7  25.0176  122642      92773       75.645  MEAN       7.31644
   155        6  37.1494  122643      87949       71.711  MEDIAN     7.32138
   130        7  24.4399  122642      91262       74.413  MEAN       7.33018
   150        6  38.3566  122643      87050       70.978  MEDIAN     7.34059
   160        5  25.6789  122644      69370       56.562  MEAN       7.3435
   195        5  30.0685  122644      80413       65.566  MEDIAN     7.34817
   125        7  24.7516  122642      90413       73.721  MEAN       7.35305
   120        6  24.3326  122643      78217       63.776  MEAN       7.35999
   145        6  38.6706  122643      85559       69.763  MEDIAN     7.36263
   190        5  37.3669  122644      79374       64.719  MEDIAN     7.3637
   120        7  24.0237  122642      90098       73.464  MEAN       7.36611
   115        7  25.2705  122642      89202       72.734  MEAN       7.38082
   140        6  38.8406  122643      84679       69.045  MEDIAN     7.3844
   155        5  23.7769  122644      67251       54.834  MEAN       7.39615
   185        5  37.1646  122644      78558       64.054  MEDIAN     7.40656
   115        6  25.5624  122643      75529       61.584  MEAN       7.41262
   110        7  29.0971  122642      87202       71.103  MEAN       7.43032
   135        6  37.556   122643      82919       67.61   MEDIAN     7.43392
   180        5  36.5871  122644      77717       63.368  MEDIAN     7.43479
   130        6  36.115   122643      81415       66.384  MEDIAN     7.45453
   175        5  37.4381  122644      76691       62.531  MEDIAN     7.4569
   105        7  24.4745  122642      85426       69.655  MEAN       7.46247
   150        5  25.7444  122644      64963       52.969  MEAN       7.4849
   125        6  38.7628  122643      79599       64.903  MEDIAN     7.49717
   100        7  24.6725  122642      83938       68.441  MEAN       7.50879
   110        6  25.2673  122643      72551       59.156  MEAN       7.51846
   170        5  35.4549  122644      74415       60.676  MEDIAN     7.52849
   120        6  38.8772  122643      78217       63.776  MEDIAN     7.54999
   145        5  26.3849  122644      62342       50.832  MEAN       7.5623
    95        7  26.1535  122642      81513       66.464  MEAN       7.56863
   185        7  39.4615  122642      99717       81.307  MEDIAN     7.58291
   195        7  39.6279  122642      99806       81.38   MEDIAN     7.58329
   165        5  36.96    122644      71855       58.588  MEDIAN     7.58663
   190        7  39.5229  122642      99728       81.316  MEDIAN     7.58758
   180        7  37.6297  122642      99712       81.303  MEDIAN     7.58767
   175        7  43.673   122642      98273       80.13   MEDIAN     7.59048
   170        7  38.2182  122642      98214       80.082  MEDIAN     7.60345
   105        6  25.0658  122643      69403       56.589  MEAN       7.61159
   165        7  42.5926  122642      97871       79.802  MEDIAN     7.61233
   160        7  39.5808  122642      97229       79.279  MEDIAN     7.61973
   115        6  40.2684  122643      75529       61.584  MEDIAN     7.62148
   140        5  26.1926  122644      59986       48.911  MEAN       7.62761
   155        7  38.0001  122642      95911       78.204  MEDIAN     7.63265
   150        7  39.9143  122642      94943       77.415  MEDIAN     7.63832
   145        7  38.4689  122642      94332       76.917  MEDIAN     7.64707
    90        7  25.3276  122642      79052       64.458  MEAN       7.65854
   140        7  40.4578  122642      93431       76.182  MEDIAN     7.66135
   135        7  38.4179  122642      92773       75.645  MEDIAN     7.66788
   160        5  37.0677  122644      69370       56.562  MEDIAN     7.66929
   130        7  39.4511  122642      91262       74.413  MEDIAN     7.68191
   125        7  39.9527  122642      90413       73.721  MEDIAN     7.70251
   120        7  39.443   122642      90098       73.464  MEDIAN     7.71207
   110        6  36.9011  122643      72551       59.156  MEDIAN     7.7145
   155        5  34.9206  122644      67251       54.834  MEDIAN     7.71591
   100        6  26.3289  122643      65916       53.746  MEAN       7.71739
   135        5  26.0167  122644      57142       46.592  MEAN       7.72475
   115        7  41.4243  122642      89202       72.734  MEDIAN     7.72862
    85        7  24.9209  122642      76179       62.115  MEAN       7.73719
   110        7  37.3429  122642      87202       71.103  MEDIAN     7.77558
   150        5  37.0822  122644      64963       52.969  MEDIAN     7.7791
   130        5  26.094   122644      54574       44.498  MEAN       7.8019
   105        6  38.8712  122643      69403       56.589  MEDIAN     7.80718
   105        7  41.1562  122642      85426       69.655  MEDIAN     7.831
    95        6  27.5862  122643      62401       50.88   MEAN       7.8373
   145        5  36.36    122644      62342       50.832  MEDIAN     7.86069
   100        7  36.3841  122642      83938       68.441  MEDIAN     7.86438
    80        7  25.3697  122642      71066       57.946  MEAN       7.89186
   125        5  27.3002  122644      52084       42.468  MEAN       7.89822
   100        6  38.3192  122643      65916       53.746  MEDIAN     7.92187
    95        7  35.4159  122642      81513       66.464  MEDIAN     7.92215
   140        5  36.7335  122644      59986       48.911  MEDIAN     7.93431
    90        7  37.2526  122642      79052       64.458  MEDIAN     7.99102
    75        7  26.1607  122642      66764       54.438  MEAN       8.00356
    90        6  26.7865  122643      57740       47.08   MEAN       8.00651
   120        5  26.9435  122644      49197       40.114  MEAN       8.01016
    95        6  34.1991  122643      62401       50.88   MEDIAN     8.0176
   135        5  36.5983  122644      57142       46.592  MEDIAN     8.02444
   195        4  26.419   122645      41831       34.107  MEAN       8.03113
   130        5  34.2726  122644      54574       44.498  MEDIAN     8.06767
   190        4  24.8502  122645      40404       32.944  MEAN       8.08041
    85        7  36.1205  122642      76179       62.115  MEDIAN     8.08217
   115        5  29.7663  122644      46081       37.573  MEAN       8.08993
   185        4  26.6638  122645      39172       31.939  MEAN       8.13006
   195        4  27.3691  122645      41831       34.107  MEDIAN     8.14793
    85        6  26.5375  122643      53558       43.67   MEAN       8.15176
   190        4  32.8246  122645      40404       32.944  MEDIAN     8.16363
   180        4  27.2103  122645      37551       30.618  MEAN       8.17367
   125        5  36.478   122644      52084       42.468  MEDIAN     8.17602
    90        6  36.9073  122643      57740       47.08   MEDIAN     8.17794
    70        7  26.7383  122642      61888       50.462  MEAN       8.19269
   110        5  26.6331  122644      42708       34.823  MEAN       8.20725
    80        7  37.8493  122642      71066       57.946  MEDIAN     8.2137
   185        4  25.698   122645      39172       31.939  MEDIAN     8.22553
   175        4  24.3734  122645      35812       29.2    MEAN       8.24712
   120        5  36.5874  122644      49197       40.114  MEDIAN     8.26448
   180        4  32.0847  122645      37551       30.618  MEDIAN     8.30128
    85        6  34.7266  122643      53558       43.67   MEDIAN     8.31678
    80        6  28.0962  122643      47880       39.04   MEAN       8.32636
   170        4  26.9678  122645      34133       27.831  MEAN       8.33445
    75        7  35.1389  122642      66764       54.438  MEDIAN     8.34167
   175        4  34.0132  122645      35812       29.2    MEDIAN     8.35801
   115        5  35.2469  122644      46081       37.573  MEDIAN     8.35821
   105        5  26.6791  122644      39491       32.2    MEAN       8.36229
   165        4  24.028   122645      32326       26.357  MEAN       8.40195
    65        7  26.3841  122642      55067       44.901  MEAN       8.41785
   170        4  33.0441  122645      34133       27.831  MEDIAN     8.43358
   110        5  34.3045  122644      42708       34.823  MEDIAN     8.45505
   160        4  27.825   122645      30774       25.092  MEAN       8.47723
   100        5  26.8032  122644      36149       29.475  MEAN       8.4963
    80        6  36.4728  122643      47880       39.04   MEDIAN     8.50179
   165        4  34.2205  122645      32326       26.357  MEDIAN     8.50862
    70        7  37.0192  122642      61888       50.462  MEDIAN     8.51296
    75        6  26.723   122643      43486       35.457  MEAN       8.51672
   155        4  25.2919  122645      29026       23.667  MEAN       8.55678
   160        4  32.7298  122645      30774       25.092  MEDIAN     8.56888
   105        5  33.9896  122644      39491       32.2    MEDIAN     8.59887
    95        5  28.2665  122644      33212       27.08   MEAN       8.61797
   150        4  27.8376  122645      27614       22.515  MEAN       8.62787
   155        4  31.5989  122645      29026       23.667  MEDIAN     8.64532
    75        6  33.9196  122643      43486       35.457  MEDIAN     8.67889
    60        7  24.7558  122642      48193       39.296  MEAN       8.68097
   150        4  33.5346  122645      27614       22.515  MEDIAN     8.68406
   145        4  26.3631  122645      25984       21.186  MEAN       8.69152
    90        5  27.6819  122644      30191       24.617  MEAN       8.71341
   100        5  34.2117  122644      36149       29.475  MEDIAN     8.71802
    70        6  26.393   122643      38290       31.221  MEAN       8.72102
    65        7  37.0747  122642      55067       44.901  MEDIAN     8.73177
   140        4  26.8406  122645      24541       20.01   MEAN       8.74623
   145        4  33.3912  122645      25984       21.186  MEDIAN     8.76687
   135        4  26.8622  122645      23321       19.015  MEAN       8.81619
   140        4  31.9727  122645      24541       20.01   MEDIAN     8.826
    95        5  32.3027  122644      33212       27.08   MEDIAN     8.84125
    70        6  37.649   122643      38290       31.221  MEDIAN     8.85633
    85        5  27.462   122644      27572       22.481  MEAN       8.8569
   130        4  27.3801  122645      21984       17.925  MEAN       8.86701
   135        4  32.6368  122645      23321       19.015  MEDIAN     8.88478
    65        6  26.2499  122643      33601       27.397  MEAN       8.90352
    55        7  27.3668  122642      41564       33.891  MEAN       8.92653
    90        5  33.9963  122644      30191       24.617  MEDIAN     8.94522
   130        4  31.5943  122645      21984       17.925  MEDIAN     8.94645
   125        4  26.8796  122645      20819       16.975  MEAN       8.95965
    80        5  28.054   122644      24454       19.939  MEAN       8.97785
    60        7  38.0005  122642      48193       39.296  MEDIAN     8.98496
   120        4  27.7327  122645      19375       15.798  MEAN       8.99859
   125        4  32.5125  122645      20819       16.975  MEDIAN     9.01218
    65        6  33.9326  122643      33601       27.397  MEDIAN     9.04935
   120        4  32.8601  122645      19375       15.798  MEDIAN     9.06523
    85        5  31.2042  122644      27572       22.481  MEDIAN     9.07154
   115        4  30.922   122645      18182       14.825  MEAN       9.0724
    60        6  26.0579  122643      28855       23.528  MEAN       9.09302
    75        5  27.6657  122644      22355       18.228  MEAN       9.12138
   115        4  33.2338  122645      18182       14.825  MEDIAN     9.1701
    80        5  32.2026  122644      24454       19.939  MEDIAN     9.17615
   110        4  27.667   122645      17109       13.95   MEAN       9.18264
    55        7  34.8766  122642      41564       33.891  MEDIAN     9.21807
   110        4  33.4382  122645      17109       13.95   MEDIAN     9.22506
    60        6  33.483   122643      28855       23.528  MEDIAN     9.23417
    50        7  23.7395  122642      34758       28.341  MEAN       9.25043
    70        5  28.2089  122644      19973       16.285  MEAN       9.25171
   105        4  27.2927  122645      15791       12.875  MEAN       9.2664
    75        5  32.3411  122644      22355       18.228  MEDIAN     9.30732
    55        6  27.5116  122643      24838       20.252  MEAN       9.33557
   105        4  29.4632  122645      15791       12.875  MEDIAN     9.34785
   100        4  28.0792  122645      14604       11.908  MEAN       9.36243
    65        5  27.6802  122644      17691       14.425  MEAN       9.41249
    70        5  33.1777  122644      19973       16.285  MEDIAN     9.41595
   100        4  31.6912  122645      14604       11.908  MEDIAN     9.42124
    55        6  32.4855  122643      24838       20.252  MEDIAN     9.44498
   195        3  28.9136  122646       9917        8.086  MEAN       9.47598
    95        4  29.4277  122645      13399       10.925  MEAN       9.48644
    95        4  27.791   122645      13399       10.925  MEDIAN     9.48886
    50        7  32.2074  122642      34758       28.341  MEDIAN     9.5018
   190        3  27.0586  122646       9507        7.752  MEAN       9.50881
   185        3  25.7556  122646       9266        7.555  MEAN       9.51255
   180        3  27.8696  122646       8794        7.17   MEAN       9.53587
    45        7  23.8432  122642      28537       23.269  MEAN       9.53732
   185        5  21.019   122644      78558       64.054  RAND       9.5519
   195        5  22.1576  122644      80413       65.566  RAND       9.5598
    50        6  27.5494  122643      21143       17.239  MEAN       9.57327
    60        5  25.8085  122644      15464       12.609  MEAN       9.58234
    90        4  27.9127  122645      12277       10.01   MEAN       9.58556
   175        3  24.5448  122646       8428        6.872  MEAN       9.59527
    65        5  31.5426  122644      17691       14.425  MEDIAN     9.59562
   175        5  21.1509  122644      76691       62.531  RAND       9.6062
   195        3  21.9977  122646       9917        8.086  MEDIAN     9.6097
   180        5  22.2017  122644      77717       63.368  RAND       9.6105
   190        5  21.7623  122644      79374       64.719  RAND       9.63638
    90        4  31.3897  122645      12277       10.01   MEDIAN     9.65563
   190        3  24.0748  122646       9507        7.752  MEDIAN     9.66068
    50        6  30.1012  122643      21143       17.239  MEDIAN     9.67073
   180        3  29.2018  122646       8794        7.17   MEDIAN     9.67284
   170        3  28.0566  122646       7830        6.384  MEAN       9.67292
    85        4  27.6882  122645      11212        9.142  MEAN       9.68916
   170        5  22.4296  122644      74415       60.676  RAND       9.69428
   185        3  29.9619  122646       9266        7.555  MEDIAN     9.70677
    60        5  32.8708  122644      15464       12.609  MEDIAN     9.71971
   165        3  25.7218  122646       7381        6.018  MEAN       9.72333
   165        5  22.2248  122644      71855       58.588  RAND       9.73936
    85        4  29.5621  122645      11212        9.142  MEDIAN     9.7402
   175        3  28.6937  122646       8428        6.872  MEDIAN     9.74887
   160        3  27.9101  122646       6945        5.663  MEAN       9.76105
   160        5  23.0439  122644      69370       56.562  RAND       9.76389
   155        5  23.9535  122644      67251       54.834  RAND       9.77403
    45        7  33.5602  122642      28537       23.269  MEDIAN     9.78134
   175        6  20.0763  122643      92397       75.338  RAND       9.78712
   180        6  21.2576  122643      92986       75.818  RAND       9.79218
    45        6  24.4999  122643      17802       14.515  MEAN       9.79423
   190        6  20.1224  122643      93249       76.033  RAND       9.79618
   170        6  21.0435  122643      91883       74.919  RAND       9.80117
   150        6  19.8054  122643      87050       70.978  RAND       9.80638
    55        5  24.8199  122644      13343       10.879  MEAN       9.80957
   155        3  27.9533  122646       6359        5.185  MEAN       9.81233
   170        3  32.2662  122646       7830        6.384  MEDIAN     9.81236
   165        6  20.4522  122643      90535       73.82   RAND       9.815
   185        6  21.3189  122643      93124       75.931  RAND       9.82729
   195        4  25.0723  122645      41831       34.107  RAND       9.82801
   150        5  20.9878  122644      64963       52.969  RAND       9.83682
    80        4  28.9857  122645       9939        8.104  MEAN       9.84014
   180        4  25.247   122645      37551       30.618  RAND       9.85234
    40        7  28.3083  122642      23185       18.905  MEAN       9.85377
   145        5  23.2682  122644      62342       50.832  RAND       9.86224
   195        6  20.8031  122643      93600       76.319  RAND       9.86585
   150        3  27.6573  122646       5918        4.825  MEAN       9.87342
    80        4  28.3511  122645       9939        8.104  MEDIAN     9.88041
   165        3  28.8704  122646       7381        6.018  MEDIAN     9.88824
   135        5  23.9704  122644      57142       46.592  RAND       9.89808
   160        3  30.9643  122646       6945        5.663  MEDIAN     9.90031
   155        6  19.576   122643      87949       71.711  RAND       9.90627
   140        5  22.5132  122644      59986       48.911  RAND       9.90894
   145        6  21.7974  122643      85559       69.763  RAND       9.91386
   190        4  24.4018  122645      40404       32.944  RAND       9.918
   175        4  23.7139  122645      35812       29.2    RAND       9.92281
   160        6  22.0579  122643      89199       72.731  RAND       9.9247
   135        6  21.6188  122643      82919       67.61   RAND       9.92665
   145        3  28.7332  122646       5538        4.515  MEAN       9.93267
    45        6  32.103   122643      17802       14.515  MEDIAN     9.93807
   140        3  27.8098  122646       5042        4.111  MEAN       9.94424
   185        4  22.1568  122645      39172       31.939  RAND       9.94554
   130        6  20.3503  122643      81415       66.384  RAND       9.95051
   130        5  21.4019  122644      54574       44.498  RAND       9.95271
   155        3  28.0426  122646       6359        5.185  MEDIAN     9.96284
    55        5  31.098   122644      13343       10.879  MEDIAN     9.96358
    75        4  27.4196  122645       8618        7.027  MEAN       9.97364
   140        6  19.4211  122643      84679       69.045  RAND       9.97523
   150        3  29.833   122646       5918        4.825  MEDIAN     9.97574
   165        4  23.837   122645      32326       26.357  RAND       9.98937
   125        6  23.0426  122643      79599       64.903  RAND      10.0142
   125        5  22.3328  122644      52084       42.468  RAND      10.0143
   135        3  28.8061  122646       4696        3.829  MEAN      10.0151
   120        6  22.3311  122643      78217       63.776  RAND      10.0197
   170        4  25.7586  122645      34133       27.831  RAND      10.0446
   125        3  28.8765  122646       3915        3.192  MEAN      10.0447
   160        4  22.5383  122645      30774       25.092  RAND      10.045
   135        3  29.0774  122646       4696        3.829  MEDIAN    10.0487
   155        4  24.7565  122645      29026       23.667  RAND      10.0593
    75        4  29.6605  122645       8618        7.027  MEDIAN    10.0648
   130        3  27.9475  122646       4286        3.495  MEAN      10.0674
   140        3  28.8353  122646       5042        4.111  MEDIAN    10.0702
   150        4  23.4976  122645      27614       22.515  RAND      10.0713
    40        7  31.3082  122642      23185       18.905  MEDIAN    10.0729
   145        3  30.262   122646       5538        4.515  MEDIAN    10.0739
   115        6  21.3903  122643      75529       61.584  RAND      10.0755
   190        7  20.0162  122642      99728       81.316  RAND      10.0886
   180        7  19.5803  122642      99712       81.303  RAND      10.0909
    50        5  28.1469  122644      11307        9.219  MEAN      10.1023
   120        5  23.9226  122644      49197       40.114  RAND      10.1074
   105        6  21.5872  122643      69403       56.589  RAND      10.1106
    70        4  28.7158  122645       7460        6.083  MEAN      10.1171
   115        5  22.5898  122644      46081       37.573  RAND      10.1176
   155        7  19.6876  122642      95911       78.204  RAND      10.1178
   130        3  28.3892  122646       4286        3.495  MEDIAN    10.1287
   120        3  27.9466  122646       3490        2.846  MEAN      10.1328
   145        4  25.4432  122645      25984       21.186  RAND      10.1376
   110        6  22.9474  122643      72551       59.156  RAND      10.1396
   140        4  23.9714  122645      24541       20.01   RAND      10.1446
   125        3  29.776   122646       3915        3.192  MEDIAN    10.1501
   160        7  21.0967  122642      97229       79.279  RAND      10.1508
   195        7  20.6832  122642      99806       81.38   RAND      10.1568
    70        4  32.0989  122645       7460        6.083  MEDIAN    10.1591
   175        7  20.1235  122642      98273       80.13   RAND      10.1595
   130        7  19.267   122642      91262       74.413  RAND      10.1651
   185        7  21.3106  122642      99717       81.307  RAND      10.1662
   150        7  21.9525  122642      94943       77.415  RAND      10.1696
   165        7  19.1734  122642      97871       79.802  RAND      10.1767
   115        3  32.2176  122646       3137        2.558  MEAN      10.1772
   120        7  19.8253  122642      90098       73.464  RAND      10.1794
   145        7  21.4519  122642      94332       76.917  RAND      10.1802
   130        4  26.825   122645      21984       17.925  RAND      10.1883
   110        5  24.3763  122644      42708       34.823  RAND      10.1914
   170        7  20.711   122642      98214       80.082  RAND      10.2027
   140        7  20.4077  122642      93431       76.182  RAND      10.2048
    40        6  27.9369  122643      14630       11.929  MEAN      10.2094
   135        7  21.1459  122642      92773       75.645  RAND      10.2147
   135        4  26.2323  122645      23321       19.015  RAND      10.2154
   125        7  21.6249  122642      90413       73.721  RAND      10.2211
   125        4  24.8652  122645      20819       16.975  RAND      10.2249
    95        6  22.9463  122643      62401       50.88   RAND      10.2265
   120        3  30.3435  122646       3490        2.846  MEDIAN    10.2282
   115        7  20.2888  122642      89202       72.734  RAND      10.2309
   105        5  23.3991  122644      39491       32.2    RAND      10.2423
   195        3  26.2471  122646       9917        8.086  RAND      10.2447
   110        3  27.7666  122646       2777        2.264  MEAN      10.246
   115        3  29.9523  122646       3137        2.558  MEDIAN    10.2539
    50        5  28.5437  122644      11307        9.219  MEDIAN    10.2552
   110        7  22.6471  122642      87202       71.103  RAND      10.2579
   120        4  26.3557  122645      19375       15.798  RAND      10.2707
   100        6  23.6662  122643      65916       53.746  RAND      10.2736
   175        3  25.6588  122646       8428        6.872  RAND      10.2772
   105        3  27.8035  122646       2461        2.007  MEDIAN    10.2784
    40        6  31.3403  122643      14630       11.929  MEDIAN    10.2806
    35        7  27.7758  122642      18502       15.086  MEAN      10.2819
   105        3  28.3977  122646       2461        2.007  MEAN      10.2822
    65        4  30.3563  122645       6215        5.067  MEDIAN    10.2868
   115        4  24.8048  122645      18182       14.825  RAND      10.2889
   180        3  27.805   122646       8794        7.17   RAND      10.2995
   100        3  27.1916  122646       2151        1.754  MEAN      10.3162
   185        3  26.2772  122646       9266        7.555  RAND      10.3204
    90        6  22.5131  122643      57740       47.08   RAND      10.3209
   105        7  20.1577  122642      85426       69.655  RAND      10.3211
   110        4  26.728   122645      17109       13.95   RAND      10.3227
    95        5  25.6435  122644      33212       27.08   RAND      10.3228
   100        7  21.9307  122642      83938       68.441  RAND      10.3307
   190        3  27.8995  122646       9507        7.752  RAND      10.3346
   110        3  29.0568  122646       2777        2.264  MEDIAN    10.3367
   100        5  24.6809  122644      36149       29.475  RAND      10.3398
    90        3  28.4221  122646       1619        1.32   MEAN      10.3416
    95        3  28.7447  122646       1919        1.565  MEAN      10.3541
    90        5  22.9406  122644      30191       24.617  RAND      10.3561
    65        4  28.3952  122645       6215        5.067  MEAN      10.3587
   160        3  24.6558  122646       6945        5.663  RAND      10.3613
    95        7  21.1925  122642      81513       66.464  RAND      10.3667
    45        5  24.6388  122644       8739        7.126  MEAN      10.3877
    85        7  22.7759  122642      76179       62.115  RAND      10.3881
   105        4  24.8561  122645      15791       12.875  RAND      10.389
   165        3  27.9968  122646       7381        6.018  RAND      10.3965
   170        3  27.1813  122646       7830        6.384  RAND      10.4021
    90        7  22.444   122642      79052       64.458  RAND      10.4023
    85        6  23.2352  122643      53558       43.67   RAND      10.4135
    95        3  26.2921  122646       1919        1.565  MEDIAN    10.4192
   100        4  25.1978  122645      14604       11.908  RAND      10.4204
    60        4  27.6454  122645       4906        4      MEAN      10.4228
    80        3  29.5238  122646       1265        1.031  MEAN      10.4236
   100        3  29.0788  122646       2151        1.754  MEDIAN    10.4283
    80        5  24.5416  122644      24454       19.939  RAND      10.4336
   155        3  27.6132  122646       6359        5.185  RAND      10.4351
    95        4  26.8872  122645      13399       10.925  RAND      10.4404
   180        2  25.659   122647        328        0.267  LAST      10.4439
    85        5  26.2681  122644      27572       22.481  RAND      10.446
   185        2  29.868   122647        354        0.289  LAST      10.4477
    85        3  28.7273  122646       1435        1.17   MEAN      10.4522
   160        2  26.1718  122647        289        0.236  LAST      10.4553
   150        3  25.1056  122646       5918        4.825  RAND      10.4603
    90        3  28.0427  122646       1619        1.32   MEDIAN    10.4609
    35        7  31.9302  122642      18502       15.086  MEDIAN    10.4707
    80        7  21.721   122642      71066       57.946  RAND      10.4713
    60        4  32.162   122645       4906        4      MEDIAN    10.475
    75        3  28.1864  122646       1044        0.851  MEAN      10.4866
    80        6  22.6438  122643      47880       39.04   RAND      10.4895
   170        2  25.7805  122647        315        0.257  LAST      10.4897
    85        3  29.5034  122646       1435        1.17   MEDIAN    10.4927
   195        2  29.4727  122647        391        0.319  LAST      10.4959
   135        3  25.2373  122646       4696        3.829  RAND      10.4984
   190        2  28.2115  122647        374        0.305  LAST      10.5004
    75        5  26.5681  122644      22355       18.228  RAND      10.5041
   145        3  28.2422  122646       5538        4.515  RAND      10.5059
    70        3  30.5616  122646        891        0.726  MEDIAN    10.5078
   165        2  30.4056  122647        302        0.246  LAST      10.5089
    80        3  26.5814  122646       1265        1.031  MEDIAN    10.5109
   190        2  28.613   122647        374        0.305  MEAN      10.5118
   175        2  31.1874  122647        318        0.259  LAST      10.5129
   140        3  25.3735  122646       5042        4.111  RAND      10.5171
   130        3  27.2985  122646       4286        3.495  RAND      10.5217
   195        2  26.7865  122647        391        0.319  MEDIAN    10.5251
   130        2  28.0531  122647        239        0.195  LAST      10.5263
    90        4  25.9616  122645      12277       10.01   RAND      10.5284
    70        3  28.8571  122646        891        0.726  MEAN      10.531
   195        2  28.8982  122647        391        0.319  MEAN      10.5362
   175        2  26.0895  122647        318        0.259  MEAN      10.5379
   170        2  28.7557  122647        315        0.257  MEDIAN    10.5381
   150        2  29.5233  122647        256        0.209  LAST      10.5387
    45        5  28.6904  122644       8739        7.126  MEDIAN    10.54
   140        2  29.1326  122647        248        0.202  LAST      10.5431
    75        3  28.0637  122646       1044        0.851  MEDIAN    10.5454
   135        2  26.7363  122647        240        0.196  LAST      10.5478
   190        2  27.9683  122647        374        0.305  MEDIAN    10.5499
   135        2  28.8438  122647        240        0.196  MEDIAN    10.5509
   130        2  27.3372  122647        239        0.195  MEDIAN    10.5551
    75        6  24.3306  122643      43486       35.457  RAND      10.5553
   185        2  27.1545  122647        354        0.289  MEAN      10.5615
   165        2  28.1296  122647        302        0.246  MEDIAN    10.5616
   145        2  28.5002  122647        254        0.207  MEAN      10.5625
   185        2  31.3272  122647        354        0.289  MEDIAN    10.564
   145        2  28.0418  122647        254        0.207  LAST      10.5652
    60        3  30.0128  122646        643        0.524  MEDIAN    10.5653
    65        3  29.0972  122646        769        0.627  MEDIAN    10.5697
   115        2  27.7671  122647        209        0.17   LAST      10.5725
   120        3  28.2048  122646       3490        2.846  RAND      10.5727
   180        2  29.0895  122647        328        0.267  MEDIAN    10.5777
   120        2  28.1819  122647        208        0.17   LAST      10.5782
   155        2  28.5163  122647        270        0.22   LAST      10.5822
    70        5  23.0673  122644      19973       16.285  RAND      10.5849
    60        3  26.9224  122646        643        0.524  MEAN      10.585
   150        2  28.8057  122647        256        0.209  MEDIAN    10.5865
   125        2  27.1443  122647        220        0.179  LAST      10.5868
   155        2  29.1176  122647        270        0.22   MEAN      10.5943
   180        2  28.3841  122647        328        0.267  MEAN      10.5944
   165        2  26.3814  122647        302        0.246  MEAN      10.5946
   175        2  27.5474  122647        318        0.259  MEDIAN    10.5952
    75        7  23.1665  122642      66764       54.438  RAND      10.5955
    65        3  26.3406  122646        769        0.627  MEAN      10.5966
    90        2  27.4204  122647        159        0.13   LAST      10.5968
   125        3  25.7086  122646       3915        3.192  RAND      10.5975
   160        2  25.9445  122647        289        0.236  MEAN      10.5986
   105        3  27.7919  122646       2461        2.007  RAND      10.5989
   160        2  25.4433  122647        289        0.236  RAND      10.6009
   120        2  28.7907  122647        208        0.17   MEDIAN    10.6018
    85        4  27.3351  122645      11212        9.142  RAND      10.602
   110        2  25.58    122647        193        0.157  LAST      10.602
   145        2  28.4165  122647        254        0.207  MEDIAN    10.6028
   195        2  26.9341  122647        391        0.319  RAND      10.6028
    55        4  24.7201  122645       3942        3.214  MEAN      10.6062
   190        2  28.0725  122647        374        0.305  RAND      10.6078
   160        2  27.2904  122647        289        0.236  MEDIAN    10.6085
   170        2  29.4631  122647        315        0.257  MEAN      10.6105
   110        3  27.7567  122646       2777        2.264  RAND      10.6114
   105        2  27.9421  122647        182        0.148  LAST      10.6122
   165        2  28.256   122647        302        0.246  RAND      10.6156
   180        2  29.7038  122647        328        0.267  RAND      10.6162
   135        2  28.9172  122647        240        0.196  MEAN      10.6164
    95        2  25.8542  122647        170        0.139  MEDIAN    10.6178
   155        2  26.45    122647        270        0.22   MEDIAN    10.6179
    55        3  26.5583  122646        536        0.437  MEDIAN    10.6201
   140        2  28.3019  122647        248        0.202  RAND      10.6203
   115        3  26.6698  122646       3137        2.558  RAND      10.6206
    95        2  28.5746  122647        170        0.139  LAST      10.6215
    55        4  29.1061  122645       3942        3.214  MEDIAN    10.6222
   150        2  29.4718  122647        256        0.209  MEAN      10.6273
   100        2  28.5552  122647        183        0.149  MEDIAN    10.628
   130        2  28.8703  122647        239        0.195  MEAN      10.6286
   100        2  25.7508  122647        183        0.149  LAST      10.6299
   115        2  28.1289  122647        209        0.17   MEDIAN    10.6328
   140        2  28.2514  122647        248        0.202  MEDIAN    10.6341
   175        2  27.1161  122647        318        0.259  RAND      10.64
   185        2  26.5741  122647        354        0.289  RAND      10.6438
   105        2  28.419   122647        182        0.148  RAND      10.6442
    90        2  27.7471  122647        159        0.13   MEAN      10.6442
   145        2  28.9465  122647        254        0.207  RAND      10.645
    90        2  27.1983  122647        159        0.13   MEDIAN    10.6451
   115        2  33.1357  122647        209        0.17   MEAN      10.646
   105        2  27.6169  122647        182        0.148  MEDIAN    10.6461
   125        2  28.61    122647        220        0.179  MEDIAN    10.6464
   140        2  28.9443  122647        248        0.202  MEAN      10.647
    70        7  21.6216  122642      61888       50.462  RAND      10.6472
    70        6  22.6036  122643      38290       31.221  RAND      10.649
   135        2  24.6332  122647        240        0.196  RAND      10.6517
   130        2  27.9018  122647        239        0.195  RAND      10.6528
    55        3  24.3849  122646        536        0.437  MEAN      10.653
    85        3  28.5125  122646       1435        1.17   RAND      10.6533
    90        3  25.7647  122646       1619        1.32   RAND      10.6566
   120        2  27.8115  122647        208        0.17   MEAN      10.6577
    80        3  26.3251  122646       1265        1.031  RAND      10.6599
   110        2  26.8607  122647        193        0.157  RAND      10.6602
    95        2  28.5996  122647        170        0.139  MEAN      10.6639
   100        2  30.0127  122647        183        0.149  MEAN      10.6695
   150        2  26.2824  122647        256        0.209  RAND      10.6698
    75        3  24.9617  122646       1044        0.851  RAND      10.6729
   100        3  26.2606  122646       2151        1.754  RAND      10.6752
   105        2  29.125   122647        182        0.148  MEAN      10.6783
   120        2  29.04    122647        208        0.17   RAND      10.6793
    95        3  27.5755  122646       1919        1.565  RAND      10.6813
   110        2  28.4808  122647        193        0.157  MEDIAN    10.6814
    35        6  25.981   122643      11388        9.285  MEAN      10.6836
   155        2  28.1589  122647        270        0.22   RAND      10.6841
   100        2  26.2261  122647        183        0.149  RAND      10.6878
    85        2  27.7738  122647        148        0.121  MEDIAN    10.6894
    60        5  28.5024  122644      15464       12.609  RAND      10.6902
    80        2  27.6974  122647        143        0.117  LAST      10.6906
    85        2  26.1203  122647        148        0.121  LAST      10.6929
    65        5  26.1395  122644      17691       14.425  RAND      10.6932
    50        3  27.3055  122646        452        0.369  MEDIAN    10.6934
    80        2  28.2494  122647        143        0.117  MEAN      10.6936
   110        2  28.9497  122647        193        0.157  MEAN      10.6937
   125        2  28.0164  122647        220        0.179  MEAN      10.6947
    50        3  27.6461  122646        452        0.369  MEAN      10.6951
    95        2  27.9286  122647        170        0.139  RAND      10.6976
    80        4  25.7471  122645       9939        8.104  RAND      10.6999
   170        2  27.3153  122647        315        0.257  RAND      10.7045
    75        2  28.3494  122647        126        0.103  MEAN      10.7197
    90        2  25.3945  122647        159        0.13   RAND      10.728
    70        2  29.9645  122647        114        0.093  MEDIAN    10.7289
    75        2  25.641   122647        126        0.103  LAST      10.7304
    65        6  25.2464  122643      33601       27.397  RAND      10.7314
    70        3  27.9617  122646        891        0.726  RAND      10.7334
   115        2  26.5744  122647        209        0.17   RAND      10.7336
   125        2  25.7477  122647        220        0.179  RAND      10.7343
    45        3  24.3842  122646        359        0.293  MEAN      10.7345
    60        3  29.4015  122646        643        0.524  RAND      10.7391
    75        4  27.0783  122645       8618        7.027  RAND      10.7437
    80        2  27.341   122647        143        0.117  MEDIAN    10.7452
    80        2  28.4063  122647        143        0.117  RAND      10.7522
    85        2  28.2496  122647        148        0.121  MEAN      10.7534
    60        6  26.3846  122643      28855       23.528  RAND      10.7535
    70        2  28.0782  122647        114        0.093  MEAN      10.7546
    45        3  27.4896  122646        359        0.293  MEDIAN    10.7603
    60        2  25.7627  122647        113        0.092  LAST      10.7641
    70        2  27.3303  122647        114        0.093  RAND      10.7644
    40        5  27.513   122644       6535        5.328  MEAN      10.7647
    65        2  26.0132  122647        120        0.098  RAND      10.7649
    35        6  30.3527  122643      11388        9.285  MEDIAN    10.766
    75        2  26.0043  122647        126        0.103  RAND      10.7709
    75        2  28.9163  122647        126        0.103  MEDIAN    10.7712
    50        4  27.3262  122645       3029        2.47   MEAN      10.7748
    65        3  26.8579  122646        769        0.627  RAND      10.7792
    60        2  27.7526  122647        113        0.092  MEAN      10.7858
    65        2  27.3667  122647        120        0.098  LAST      10.7887
    65        7  24.6295  122642      55067       44.901  RAND      10.7942
    55        3  29.1815  122646        536        0.437  RAND      10.7971
    65        2  28.0305  122647        120        0.098  MEDIAN    10.7976
    65        2  26.579   122647        120        0.098  MEAN      10.7978
    70        2  28.2457  122647        114        0.093  LAST      10.8025
    50        3  27.3529  122646        452        0.369  RAND      10.8027
    85        2  28.0936  122647        148        0.121  RAND      10.8057
   190        4  22.431   122645      40404       32.944  LAST      10.8192
    30        7  26.9424  122642      14245       11.615  MEAN      10.821
    55        2  26.402   122647        101        0.082  MEDIAN    10.8246
    50        4  29.7798  122645       3029        2.47   MEDIAN    10.8265
    60        2  28.2481  122647        113        0.092  MEDIAN    10.8285
   195        4  22.7833  122645      41831       34.107  LAST      10.8308
    55        2  26.9993  122647        101        0.082  LAST      10.8314
   180        4  22.8392  122645      37551       30.618  LAST      10.838
    65        3  27.5592  122646        769        0.627  LAST      10.8462
    60        2  28.7457  122647        113        0.092  RAND      10.8505
    45        3  28.4748  122646        359        0.293  RAND      10.8559
    70        4  27.6401  122645       7460        6.083  RAND      10.8566
    55        3  27.9757  122646        536        0.437  LAST      10.8567
   185        4  23.9137  122645      39172       31.939  LAST      10.859
    60        7  23.177   122642      48193       39.296  RAND      10.8603
    80        3  27.4251  122646       1265        1.031  LAST      10.8645
    55        2  28.8561  122647        101        0.082  RAND      10.8646
    60        3  26.7533  122646        643        0.524  LAST      10.8651
    50        3  26.8514  122646        452        0.369  LAST      10.8717
   175        4  20.0787  122645      35812       29.2    LAST      10.8755
   165        4  22.7331  122645      32326       26.357  LAST      10.8906
    50        2  26.2685  122647         81        0.066  LAST      10.8927
    55        2  24.1718  122647        101        0.082  MEAN      10.8954
    70        3  27.4319  122646        891        0.726  LAST      10.8956
    90        3  25.0393  122646       1619        1.32   LAST      10.8967
    75        3  26.2856  122646       1044        0.851  LAST      10.8973
    40        5  28.9192  122644       6535        5.328  MEDIAN    10.8984
   170        4  20.894   122645      34133       27.831  LAST      10.9075
    55        5  27.6441  122644      13343       10.879  RAND      10.9108
    50        2  28.5994  122647         81        0.066  MEAN      10.9158
   155        4  22.8108  122645      29026       23.667  LAST      10.9164
    40        3  27.6317  122646        301        0.245  MEDIAN    10.9204
   160        4  21.264   122645      30774       25.092  LAST      10.9241
    65        4  25.4778  122645       6215        5.067  RAND      10.9242
   140        4  24.886   122645      24541       20.01   LAST      10.9259
    40        3  27.9962  122646        301        0.245  MEAN      10.9269
    55        6  27.198   122643      24838       20.252  RAND      10.9308
    85        3  25.5273  122646       1435        1.17   LAST      10.9312
   150        4  22.593   122645      27614       22.515  LAST      10.9397
   130        4  24.4759  122645      21984       17.925  LAST      10.9442
   145        4  25.5272  122645      25984       21.186  LAST      10.9458
   105        3  26.9648  122646       2461        2.007  LAST      10.9458
    50        2  27.9589  122647         81        0.066  MEDIAN    10.9472
    45        3  27.7067  122646        359        0.293  LAST      10.9518
    45        2  26.4068  122647         76        0.062  MEDIAN    10.9519
    95        3  27.9604  122646       1919        1.565  LAST      10.9565
   135        4  23.0277  122645      23321       19.015  LAST      10.9566
   175        3  29.0443  122646       8428        6.872  LAST      10.9598
    45        4  24.8628  122645       2058        1.678  MEAN      10.9606
   120        4  25.5546  122645      19375       15.798  LAST      10.9621
    40        3  25.9317  122646        301        0.245  RAND      10.9627
   125        4  23.0035  122645      20819       16.975  LAST      10.9704
    45        2  28.0581  122647         76        0.062  RAND      10.9743
   100        3  25.1761  122646       2151        1.754  LAST      10.9751
   195        3  27.0207  122646       9917        8.086  LAST      10.9752
   115        4  25.5396  122645      18182       14.825  LAST      10.9782
   130        3  27.0208  122646       4286        3.495  LAST      10.9793
    45        4  27.3484  122645       2058        1.678  MEDIAN    10.9805
   180        3  26.5153  122646       8794        7.17   LAST      10.9806
    45        2  25.1526  122647         76        0.062  MEAN      10.984
   140        3  27.4772  122646       5042        4.111  LAST      10.9841
   195        5  19.4313  122644      80413       65.566  LAST      10.9848
   190        3  25.3053  122646       9507        7.752  LAST      10.9863
   110        4  23.433   122645      17109       13.95   LAST      10.987
   190        5  19.5977  122644      79374       64.719  LAST      10.9872
   180        5  18.9968  122644      77717       63.368  LAST      10.9897
    55        7  25.6998  122642      41564       33.891  RAND      10.9927
   185        5  19.3607  122644      78558       64.054  LAST      10.9985
   125        3  25.6424  122646       3915        3.192  LAST      10.9989
   185        3  27.0607  122646       9266        7.555  LAST      10.9996
   105        4  25.2058  122645      15791       12.875  LAST      11.0004
   115        3  27.6142  122646       3137        2.558  LAST      11.0004
    60        4  28.5754  122645       4906        4      RAND      11.0006
    45        2  27.6419  122647         76        0.062  LAST      11.0017
   135        3  25.7808  122646       4696        3.829  LAST      11.0019
   165        3  26.8325  122646       7381        6.018  LAST      11.0041
   110        3  25.2169  122646       2777        2.264  LAST      11.0083
   155        3  27.3006  122646       6359        5.185  LAST      11.0096
    50        2  28.6725  122647         81        0.066  RAND      11.011
   120        3  27.2035  122646       3490        2.846  LAST      11.0158
   175        5  17.3381  122644      76691       62.531  LAST      11.0178
   150        3  25.8081  122646       5918        4.825  LAST      11.019
   170        3  24.01    122646       7830        6.384  LAST      11.0243
    30        7  30.969   122642      14245       11.615  MEDIAN    11.0288
    35        3  27.8926  122646        241        0.197  MEAN      11.0299
   100        4  23.8481  122645      14604       11.908  LAST      11.0407
   170        5  20.3792  122644      74415       60.676  LAST      11.0417
   160        3  24.6907  122646       6945        5.663  LAST      11.0436
   145        3  26.4191  122646       5538        4.515  LAST      11.0453
    40        3  27.2315  122646        301        0.245  LAST      11.0482
    50        6  27.3985  122643      21143       17.239  RAND      11.0561
    90        4  24.0923  122645      12277       10.01   LAST      11.0563
    95        4  25.0962  122645      13399       10.925  LAST      11.0579
   165        5  19.2824  122644      71855       58.588  LAST      11.0616
    35        3  28.4821  122646        241        0.197  MEDIAN    11.0775
   160        5  18.7498  122644      69370       56.562  LAST      11.0904
   155        5  19.8068  122644      67251       54.834  LAST      11.1021
    35        3  27.5521  122646        241        0.197  RAND      11.1026
    40        2  24.7371  122647         62        0.051  RAND      11.107
    50        7  24.6633  122642      34758       28.341  RAND      11.116
    40        4  28.374   122645       1529        1.247  MEDIAN    11.1261
   150        5  20.0082  122644      64963       52.969  LAST      11.1284
    40        4  28.3548  122645       1529        1.247  MEAN      11.1292
    50        5  26.7551  122644      11307        9.219  RAND      11.1327
    45        6  27.3311  122643      17802       14.515  RAND      11.1347
    85        4  25.7184  122645      11212        9.142  LAST      11.1481
   145        5  21.938   122644      62342       50.832  LAST      11.1482
    40        2  26.991   122647         62        0.051  MEAN      11.1492
    40        2  26.662   122647         62        0.051  LAST      11.1521
    40        2  28.3691  122647         62        0.051  MEDIAN    11.1546
    55        4  28.7106  122645       3942        3.214  RAND      11.1549
   140        5  20.0936  122644      59986       48.911  LAST      11.1676
    80        4  26.4171  122645       9939        8.104  LAST      11.185
    35        2  28.2895  122647         47        0.038  LAST      11.1949
    50        4  30.6684  122645       3029        2.47   RAND      11.2062
   135        5  20.0793  122644      57142       46.592  LAST      11.2068
    35        3  28.4345  122646        241        0.197  LAST      11.2147
    75        4  25.2293  122645       8618        7.027  LAST      11.2157
   130        5  21.459   122644      54574       44.498  LAST      11.2165
    35        5  25.8586  122644       4522        3.687  MEAN      11.2291
    70        4  26.1227  122645       7460        6.083  LAST      11.2337
   125        5  19.5435  122644      52084       42.468  LAST      11.2339
    45        7  25.8571  122642      28537       23.269  RAND      11.243
   120        5  20.8471  122644      49197       40.114  LAST      11.2476
    30        3  27.6619  122646        181        0.148  MEDIAN    11.2532
    45        5  27.8625  122644       8739        7.126  RAND      11.2551
    35        2  27.1974  122647         47        0.038  MEAN      11.2641
   115        5  22.0369  122644      46081       37.573  LAST      11.2807
    30        3  28.9473  122646        181        0.148  MEAN      11.2834
    30        6  28.4628  122643       7788        6.35   MEAN      11.2847
    35        5  28.1378  122644       4522        3.687  MEDIAN    11.2933
   110        5  22.5037  122644      42708       34.823  LAST      11.3006
    30        3  29.0399  122646        181        0.148  RAND      11.3018
    35        4  27.2729  122645       1022        0.833  MEAN      11.3041
    45        4  28.783   122645       2058        1.678  RAND      11.3093
    35        2  27.5841  122647         47        0.038  MEDIAN    11.3124
    65        4  25.8868  122645       6215        5.067  LAST      11.3143
    60        4  27.5196  122645       4906        4      LAST      11.3158
    35        2  27.0645  122647         47        0.038  RAND      11.3303
    35        4  29.1397  122645       1022        0.833  MEDIAN    11.3311
   105        5  23.0958  122644      39491       32.2    LAST      11.3419
    40        4  25.7369  122645       1529        1.247  RAND      11.3465
    30        6  29.1676  122643       7788        6.35   MEDIAN    11.353
    40        6  27.7904  122643      14630       11.929  RAND      11.3588
    30        3  26.131   122646        181        0.148  LAST      11.3719
    90        5  21.5061  122644      30191       24.617  LAST      11.3742
   100        5  21.1108  122644      36149       29.475  LAST      11.3776
    55        4  24.9263  122645       3942        3.214  LAST      11.3874
    95        5  22.9662  122644      33212       27.08   LAST      11.3942
    40        7  25.6436  122642      23185       18.905  RAND      11.4033
    50        4  26.8804  122645       3029        2.47   LAST      11.411
    80        5  22.4033  122644      24454       19.939  LAST      11.4285
    30        2  28.4099  122647         40        0.033  RAND      11.4318
   180        6  17.9721  122643      92986       75.818  LAST      11.432
    85        5  24.7631  122644      27572       22.481  LAST      11.4428
   190        6  17.1109  122643      93249       76.033  LAST      11.4488
   195        6  17.4585  122643      93600       76.319  LAST      11.4534
    35        4  27.5287  122645       1022        0.833  RAND      11.4538
   175        6  15.7481  122643      92397       75.338  LAST      11.4551
   185        6  18.6421  122643      93124       75.931  LAST      11.4554
    70        5  25.1428  122644      19973       16.285  LAST      11.4565
    40        5  26.932   122644       6535        5.328  RAND      11.4651
   165        6  16.8988  122643      90535       73.82   LAST      11.4704
   170        6  18.6912  122643      91883       74.919  LAST      11.4729
    75        5  23.4889  122644      22355       18.228  LAST      11.4759
    45        4  26.9629  122645       2058        1.678  LAST      11.4769
   160        6  16.91    122643      89199       72.731  LAST      11.4778
   155        6  18.042   122643      87949       71.711  LAST      11.4884
   150        6  18.1962  122643      87050       70.978  LAST      11.4965
    65        5  24.5696  122644      17691       14.425  LAST      11.4976
    60        5  25.5067  122644      15464       12.609  LAST      11.4983
    40        4  26.8286  122645       1529        1.247  LAST      11.5002
    30        4  29.0771  122645        657        0.536  MEAN      11.5015
   145        6  18.9294  122643      85559       69.763  LAST      11.5049
    30        2  26.7272  122647         40        0.033  MEDIAN    11.5061
   140        6  19.0037  122643      84679       69.045  LAST      11.5095
    30        2  28.4325  122647         40        0.033  MEAN      11.5129
   135        6  19.2141  122643      82919       67.61   LAST      11.5233
   130        6  18.3806  122643      81415       66.384  LAST      11.5318
    30        2  27.7813  122647         40        0.033  LAST      11.5332
   125        6  18.6531  122643      79599       64.903  LAST      11.537
   120        6  20.1954  122643      78217       63.776  LAST      11.5415
    25        3  27.3098  122646        135        0.11   MEAN      11.5548
    30        4  28.4327  122645        657        0.536  MEDIAN    11.5718
    30        5  27.3732  122644       2704        2.205  MEAN      11.5841
   115        6  20.355   122643      75529       61.584  LAST      11.59
    55        5  23.9352  122644      13343       10.879  LAST      11.5998
    35        4  28.1049  122645       1022        0.833  LAST      11.6022
    35        7  25.4988  122642      18502       15.086  RAND      11.6037
   110        6  20.3158  122643      72551       59.156  LAST      11.6214
    25        3  28.2895  122646        135        0.11   RAND      11.6389
    25        3  26.7792  122646        135        0.11   MEDIAN    11.6411
    30        5  28.3338  122644       2704        2.205  MEDIAN    11.6419
   105        6  18.4986  122643      69403       56.589  LAST      11.6511
    30        4  29.6583  122645        657        0.536  RAND      11.6657
    35        6  25.545   122643      11388        9.285  RAND      11.6773
    25        7  29.6395  122642       9785        7.979  MEAN      11.686
   100        6  18.8619  122643      65916       53.746  LAST      11.6864
    50        5  26.031   122644      11307        9.219  LAST      11.6894
    95        6  20.6633  122643      62401       50.88   LAST      11.7058
    90        6  19.2465  122643      57740       47.08   LAST      11.7411
    25        3  25.135   122646        135        0.11   LAST      11.7489
    30        4  25.5758  122645        657        0.536  LAST      11.7606
    45        5  26.5652  122644       8739        7.126  LAST      11.7725
    35        5  27.5614  122644       4522        3.687  RAND      11.7801
    25        7  28.6179  122642       9785        7.979  MEDIAN    11.8107
    85        6  21.341   122643      53558       43.67   LAST      11.8108
    25        4  27.7521  122645        463        0.378  MEAN      11.8281
    80        6  19.3284  122643      47880       39.04   LAST      11.8285
    25        4  26.8275  122645        463        0.378  MEDIAN    11.8612
    25        2  27.0062  122647         25        0.02   RAND      11.8867
    75        6  21.6713  122643      43486       35.457  LAST      11.8893
    40        5  25.4568  122644       6535        5.328  LAST      11.899
    70        6  23.5041  122643      38290       31.221  LAST      11.9106
    25        2  27.5669  122647         25        0.02   MEAN      11.9121
    25        2  25.9353  122647         25        0.02   LAST      11.9122
    25        2  26.6194  122647         25        0.02   MEDIAN    11.9217
    30        5  29.3852  122644       2704        2.205  RAND      11.9469
    25        4  27.6847  122645        463        0.378  RAND      11.9524
    65        6  22.781   122643      33601       27.397  LAST      11.964
    60        6  24.3019  122643      28855       23.528  LAST      11.965
    55        6  23.5188  122643      24838       20.252  LAST      12.0237
    30        7  26.6184  122642      14245       11.615  RAND      12.0274
    30        6  28.9443  122643       7788        6.35   RAND      12.0319
    25        6  28.5249  122643       4550        3.71   MEAN      12.0569
    50        6  25.8368  122643      21143       17.239  LAST      12.068
   180        7  16.3408  122642      99712       81.303  LAST      12.0751
    25        5  27.771   122644       1552        1.265  MEAN      12.0921
    45        6  24.5102  122643      17802       14.515  LAST      12.0932
   190        7  17.4116  122642      99728       81.316  LAST      12.0981
   195        7  17.2026  122642      99806       81.38   LAST      12.0997
   185        7  18.0247  122642      99717       81.307  LAST      12.1
    25        4  27.4128  122645        463        0.378  LAST      12.1015
   175        7  15.2136  122642      98273       80.13   LAST      12.1034
   165        7  16.2624  122642      97871       79.802  LAST      12.1066
   170        7  17.3528  122642      98214       80.082  LAST      12.1129
   120        7  17.9851  122642      90098       73.464  LAST      12.1147
   160        7  17.2876  122642      97229       79.279  LAST      12.1156
   150        7  16.9352  122642      94943       77.415  LAST      12.1212
    35        5  27.4767  122644       4522        3.687  LAST      12.1226
   155        7  17.4744  122642      95911       78.204  LAST      12.1228
   135        7  18.2268  122642      92773       75.645  LAST      12.123
   140        7  18.4235  122642      93431       76.182  LAST      12.1274
   145        7  18.3852  122642      94332       76.917  LAST      12.1288
    25        6  28.1091  122643       4550        3.71   MEDIAN    12.131
    25        5  27.1774  122644       1552        1.265  MEDIAN    12.1321
   130        7  17.868   122642      91262       74.413  LAST      12.1369
   125        7  17.6075  122642      90413       73.721  LAST      12.1377
   115        7  18.3721  122642      89202       72.734  LAST      12.1544
   110        7  18.6658  122642      87202       71.103  LAST      12.1719
   105        7  17.6903  122642      85426       69.655  LAST      12.1873
   100        7  19.5326  122642      83938       68.441  LAST      12.1979
    40        6  24.8044  122643      14630       11.929  LAST      12.2073
    95        7  19.0325  122642      81513       66.464  LAST      12.2094
    90        7  17.7454  122642      79052       64.458  LAST      12.2158
    20        3  26.5052  122646        109        0.089  MEAN      12.2622
    30        5  26.2811  122644       2704        2.205  LAST      12.2715
    85        7  20.1927  122642      76179       62.115  LAST      12.2731
    20        3  26.9646  122646        109        0.089  MEDIAN    12.2881
    25        5  27.2746  122644       1552        1.265  RAND      12.3011
    80        7  18.4075  122642      71066       57.946  LAST      12.3017
    20        3  24.2591  122646        109        0.089  LAST      12.3184
    20        3  27.6428  122646        109        0.089  RAND      12.3193
    75        7  21.0338  122642      66764       54.438  LAST      12.3388
    20        4  25.9377  122645        269        0.219  MEDIAN    12.3784
    70        7  19.4898  122642      61888       50.462  LAST      12.3957
    35        6  25.6396  122643      11388        9.285  LAST      12.4099
    20        4  26.9938  122645        269        0.219  MEAN      12.4182
    20        4  28.6652  122645        269        0.219  RAND      12.4725
    65        7  21.4606  122642      55067       44.901  LAST      12.4752
    60        7  22.312   122642      48193       39.296  LAST      12.5074
    25        5  28.4691  122644       1552        1.265  LAST      12.5335
    20        2  25.4416  122647         15        0.012  LAST      12.5503
    55        7  20.9542  122642      41564       33.891  LAST      12.5709
    20        4  25.5742  122645        269        0.219  LAST      12.5735
    30        6  25.3136  122643       7788        6.35   LAST      12.6012
    20        2  27.5557  122647         15        0.012  RAND      12.6096
    25        6  27.3108  122643       4550        3.71   RAND      12.6238
    50        7  23.8335  122642      34758       28.341  LAST      12.6295
    45        7  23.4383  122642      28537       23.269  LAST      12.6588
    20        2  26.1897  122647         15        0.012  MEDIAN    12.664
    20        2  27.4364  122647         15        0.012  MEAN      12.6704
    25        7  26.6457  122642       9785        7.979  RAND      12.6706
    20        5  27.7129  122644        734        0.598  MEAN      12.6726
    20        5  28.214   122644        734        0.598  MEDIAN    12.6936
    40        7  24.7945  122642      23185       18.905  LAST      12.7549
    20        7  28.4199  122642       4966        4.049  MEAN      12.8497
    20        5  28.1157  122644        734        0.598  RAND      12.8555
    35        7  25.3074  122642      18502       15.086  LAST      12.8952
    20        7  28.8892  122642       4966        4.049  MEDIAN    12.906
    20        6  27.5758  122643       2103        1.715  MEAN      12.9175
    20        5  25.7851  122644        734        0.598  LAST      12.9519
    20        6  29.1487  122643       2103        1.715  MEDIAN    12.956
    25        6  26.8173  122643       4550        3.71   LAST      12.9993
    30        7  24.3102  122642      14245       11.615  LAST      13.024
    20        6  28.0365  122643       2103        1.715  RAND      13.2093
    25        7  26.2426  122642       9785        7.979  LAST      13.4446
    20        7  28.2065  122642       4966        4.049  RAND      13.4618
    15        3  27.101   122646         63        0.051  MEDIAN    13.5075
    20        6  25.2485  122643       2103        1.715  LAST      13.5475
    15        3  27.6254  122646         63        0.051  MEAN      13.5725
    15        3  28.6439  122646         63        0.051  RAND      13.5731
    15        4  27.7226  122645        168        0.137  MEAN      13.5806
    15        4  28.1288  122645        168        0.137  MEDIAN    13.6047
    15        4  27.5005  122645        168        0.137  RAND      13.6107
    15        3  24.939   122646         63        0.051  LAST      13.6263
    15        4  25.2644  122645        168        0.137  LAST      13.698
    15        5  28.259   122644        348        0.284  MEDIAN    13.8579
    15        5  27.0771  122644        348        0.284  MEAN      13.8805
    20        7  24.5815  122642       4966        4.049  LAST      13.9128
    15        5  28.2251  122644        348        0.284  RAND      13.915
    15        2  27.6144  122647          7        0.006  MEAN      13.9881
    15        2  27.7143  122647          7        0.006  MEDIAN    14.0147
    15        5  24.3416  122644        348        0.284  LAST      14.0443
    15        2  24.5627  122647          7        0.006  LAST      14.0572
    15        2  30.0328  122647          7        0.006  RAND      14.068
    15        6  27.681   122643        780        0.636  MEAN      14.08
    15        6  26.7539  122643        780        0.636  MEDIAN    14.1726
    15        6  26.8787  122643        780        0.636  RAND      14.2906
   180        1  29.2745  122648          7        0.006  RAND      14.3128
   150        1  30.5277  122648          4        0.003  LAST      14.3529
   190        1  28.0949  122648          6        0.005  MEDIAN    14.3631
   175        1  26.909   122648          6        0.005  MEAN      14.3649
   135        1  28.4565  122648          4        0.003  MEAN      14.3667
   180        1  28.952   122648          7        0.006  MEAN      14.3684
   140        1  28.8534  122648          2        0.002  RAND      14.3702
   125        1  30.1288  122648          2        0.002  MEAN      14.3727
   165        1  32.0272  122648          5        0.004  LAST      14.3784
   175        1  29.8588  122648          6        0.005  RAND      14.3796
   195        1  27.8791  122648          7        0.006  RAND      14.3823
   195        1  29.0943  122648          7        0.006  MEAN      14.3824
    15        7  27.4233  122642       1795        1.464  MEAN      14.3831
   195        1  25.7733  122648          7        0.006  MEDIAN    14.3863
   140        1  29.7682  122648          2        0.002  LAST      14.3881
   155        1  28.9416  122648          6        0.005  RAND      14.3944
   175        1  28.9875  122648          6        0.005  MEDIAN    14.3946
   160        1  28.9342  122648          4        0.003  MEDIAN    14.4043
   120        1  28.5325  122648          0        0      RAND      14.4068
   170        1  26.618   122648          5        0.004  LAST      14.4089
   120        1  28.9921  122648          0        0      LAST      14.409
   145        1  26.5593  122648          4        0.003  RAND      14.4101
   110        1  27.2595  122648          1        0.001  RAND      14.4106
   125        1  28.835   122648          2        0.002  LAST      14.4134
    90        1  25.3338  122648          0        0      RAND      14.4159
   175        1  30.8523  122648          6        0.005  LAST      14.4164
   180        1  26.5384  122648          7        0.006  LAST      14.421
   150        1  28.5902  122648          4        0.003  MEDIAN    14.4244
   155        1  27.7612  122648          6        0.005  LAST      14.4304
   130        1  28.3651  122648          5        0.004  MEAN      14.4309
   170        1  27.8673  122648          5        0.004  RAND      14.435
   190        1  29.3024  122648          6        0.005  RAND      14.4352
   140        1  29.1302  122648          2        0.002  MEAN      14.4353
   165        1  30.1048  122648          5        0.004  MEAN      14.4357
   150        1  28.5787  122648          4        0.003  MEAN      14.4376
    80        1  27.9944  122648          0        0      LAST      14.4392
   190        1  29.6153  122648          6        0.005  MEAN      14.4396
   185        1  28.387   122648          9        0.007  RAND      14.4398
   135        1  26.5983  122648          4        0.003  LAST      14.44
   120        1  28.6793  122648          0        0      MEAN      14.4404
   130        1  28.2114  122648          5        0.004  RAND      14.4408
   160        1  26.5516  122648          4        0.003  RAND      14.444
    80        1  29.4726  122648          0        0      MEAN      14.4446
    95        1  26.5676  122648          0        0      LAST      14.4466
   155        1  29.0084  122648          6        0.005  MEDIAN    14.4488
    15        7  27.3776  122642       1795        1.464  MEDIAN    14.4497
   125        1  29.6101  122648          2        0.002  MEDIAN    14.4502
   135        1  29.6779  122648          4        0.003  MEDIAN    14.4503
   180        1  28.4968  122648          7        0.006  MEDIAN    14.4509
    95        1  28.0999  122648          0        0      MEDIAN    14.4516
   115        1  27.218   122648          0        0      MEDIAN    14.452
    95        1  27.1895  122648          0        0      MEAN      14.4576
   130        1  27.4128  122648          5        0.004  MEDIAN    14.4578
   185        1  26.5287  122648          9        0.007  MEAN      14.4601
   150        1  25.5674  122648          4        0.003  RAND      14.4606
   145        1  27.6297  122648          4        0.003  LAST      14.4613
   190        1  29.112   122648          6        0.005  LAST      14.4615
    15        6  25.2638  122643        780        0.636  LAST      14.4627
   185        1  27.2675  122648          9        0.007  MEDIAN    14.4628
   195        1  30.1963  122648          7        0.006  LAST      14.4632
   155        1  28.2361  122648          6        0.005  MEAN      14.4653
    95        1  28.6136  122648          0        0      RAND      14.4667
   135        1  26.6473  122648          4        0.003  RAND      14.4669
   120        1  29.5472  122648          0        0      MEDIAN    14.4672
   140        1  27.8529  122648          2        0.002  MEDIAN    14.4682
   170        1  29.0731  122648          5        0.004  MEAN      14.4684
   125        1  25.8187  122648          2        0.002  RAND      14.4699
    90        1  29.6563  122648          0        0      MEAN      14.4709
   130        1  28.4443  122648          5        0.004  LAST      14.474
   115        1  27.8278  122648          0        0      LAST      14.4753
   160        1  26.8618  122648          4        0.003  LAST      14.4794
    85        1  27.5113  122648          0        0      RAND      14.4796
   100        1  28.1766  122648          1        0.001  MEDIAN    14.4805
    85        1  27.8426  122648          0        0      MEDIAN    14.4806
   145        1  29.2694  122648          4        0.003  MEAN      14.4814
   145        1  28.3198  122648          4        0.003  MEDIAN    14.4827
   160        1  27.2199  122648          4        0.003  MEAN      14.4852
   105        1  29.718   122648          0        0      MEAN      14.4853
   105        1  27.0393  122648          0        0      MEDIAN    14.4884
    80        1  26.4485  122648          0        0      MEDIAN    14.4939
   105        1  28.5832  122648          0        0      RAND      14.4964
   110        1  26.1788  122648          1        0.001  LAST      14.4967
   165        1  28.5157  122648          5        0.004  RAND      14.4989
   165        1  29.5444  122648          5        0.004  MEDIAN    14.5001
   115        1  28.6608  122648          0        0      RAND      14.5041
   185        1  29.1931  122648          9        0.007  LAST      14.5044
   115        1  33.1252  122648          0        0      MEAN      14.5147
    75        1  25.1823  122648          0        0      RAND      14.5197
    90        1  27.8812  122648          0        0      MEDIAN    14.5208
   110        1  28.7742  122648          1        0.001  MEDIAN    14.5224
   110        1  28.8749  122648          1        0.001  MEAN      14.5226
    65        1  30.4843  122648          0        0      MEDIAN    14.5234
   105        1  29.2377  122648          0        0      LAST      14.5269
    90        1  28.5972  122648          0        0      LAST      14.5273
    85        1  29.2295  122648          0        0      MEAN      14.5325
    75        1  26.5618  122648          0        0      LAST      14.5341
    60        1  30.1542  122648          0        0      RAND      14.5455
    75        1  29.3316  122648          0        0      MEDIAN    14.5466
    70        1  31.0203  122648          0        0      MEDIAN    14.5503
   100        1  30.7989  122648          1        0.001  MEAN      14.5534
    80        1  28.3527  122648          0        0      RAND      14.5549
   100        1  26.8442  122648          1        0.001  RAND      14.5577
    65        1  25.9383  122648          0        0      MEAN      14.5578
   170        1  31.7192  122648          5        0.004  MEDIAN    14.5621
   100        1  25.9909  122648          1        0.001  LAST      14.5634
    55        1  26.784   122648          0        0      MEDIAN    14.564
    70        1  27.7738  122648          0        0      MEAN      14.5651
    70        1  28.3672  122648          0        0      RAND      14.5801
    70        1  27.9273  122648          0        0      LAST      14.5836
    65        1  28.4554  122648          0        0      LAST      14.5951
    60        1  26.0143  122648          0        0      LAST      14.6019
    85        1  25.9349  122648          0        0      LAST      14.607
    65        1  25.3273  122648          0        0      RAND      14.6084
    75        1  28.5352  122648          0        0      MEAN      14.6112
    60        1  27.8359  122648          0        0      MEAN      14.6174
    60        1  27.7691  122648          0        0      MEDIAN    14.6317
    15        7  28.0312  122642       1795        1.464  RAND      14.643
    55        1  25.488   122648          0        0      MEAN      14.6731
    55        1  27.1836  122648          0        0      LAST      14.694
    55        1  29.8233  122648          0        0      RAND      14.694
    50        1  28.0302  122648          0        0      MEDIAN    14.7227
    50        1  28.7592  122648          0        0      RAND      14.7319
    45        1  28.1515  122648          0        0      LAST      14.7342
    45        1  27.9173  122648          0        0      RAND      14.7664
    45        1  27.4689  122648          0        0      MEAN      14.7703
    50        1  28.3031  122648          0        0      MEAN      14.7738
    45        1  26.2288  122648          0        0      MEDIAN    14.7844
    50        1  26.9069  122648          0        0      LAST      14.8051
    40        1  26.9473  122648          0        0      MEDIAN    14.8413
    40        1  26.2646  122648          0        0      MEAN      14.8424
    40        1  25.2138  122648          0        0      RAND      14.8649
    40        1  26.416   122648          0        0      LAST      14.9344
    15        7  24.6863  122642       1795        1.464  LAST      14.9444
    35        1  27.2113  122648          0        0      MEAN      15.0271
    35        1  26.0508  122648          0        0      LAST      15.0737
    35        1  28.7184  122648          0        0      RAND      15.1019
    35        1  27.8417  122648          0        0      MEDIAN    15.1158
    30        1  26.7309  122648          0        0      MEDIAN    15.224
    30        1  28.4456  122648          0        0      MEAN      15.2611
    30        1  27.7351  122648          0        0      LAST      15.2751
    30        1  28.9318  122648          0        0      RAND      15.2846
    25        1  28.862   122648          0        0      RAND      15.6186
    25        1  28.1309  122648          0        0      MEDIAN    15.6374
    25        1  27.9213  122648          0        0      MEAN      15.6888
    25        1  25.2054  122648          0        0      LAST      15.7607
    20        1  27.2461  122648          0        0      RAND      16.2861
    20        1  25.355   122648          0        0      LAST      16.3064
    20        1  27.4348  122648          0        0      MEAN      16.3281
    20        1  26.3136  122648          0        0      MEDIAN    16.3474
    10        4  26.2413  122645         84        0.068  MEAN      16.8784
    10        4  27.2494  122645         84        0.068  RAND      16.9268
    10        5  26.5411  122644        178        0.145  MEDIAN    16.9307
    10        4  26.501   122645         84        0.068  MEDIAN    16.9378
    10        4  24.885   122645         84        0.068  LAST      16.9425
    10        5  25.7649  122644        178        0.145  MEAN      16.9847
    10        5  29.5789  122644        178        0.145  RAND      16.9864
    10        3  26.2399  122646         25        0.02   MEDIAN    17.0368
    10        3  26.5158  122646         25        0.02   RAND      17.0423
    10        5  24.8041  122644        178        0.145  LAST      17.0627
    10        3  25.898   122646         25        0.02   MEAN      17.0833
    10        6  25.3351  122643        303        0.247  MEAN      17.1044
    10        3  24.6518  122646         25        0.02   LAST      17.1174
    10        6  26.1851  122643        303        0.247  MEDIAN    17.1359
    10        6  28.6719  122643        303        0.247  RAND      17.2061
    10        7  27.8435  122642        514        0.419  MEDIAN    17.2122
    10        6  24.3454  122643        303        0.247  LAST      17.2913
    10        7  25.7899  122642        514        0.419  MEAN      17.3512
    10        7  29.9075  122642        514        0.419  RAND      17.4172
    10        2  26.8841  122647          4        0.003  RAND      17.5829
    10        2  25.7744  122647          4        0.003  MEDIAN    17.5904
    10        7  25.0313  122642        514        0.419  LAST      17.6205
    10        2  24.3098  122647          4        0.003  LAST      17.6249
    10        2  27.4465  122647          4        0.003  MEAN      17.6399
    15        1  24.8947  122648          0        0      MEAN      17.7569
    15        1  27.5341  122648          0        0      MEDIAN    17.8174
    15        1  29.9685  122648          0        0      RAND      17.8531
    15        1  24.3902  122648          0        0      LAST      17.8877
    10        1  27.0209  122648          0        0      RAND      21.3044
    10        1  27.2846  122648          0        0      MEAN      21.3681
    10        1  25.5584  122648          0        0      MEDIAN    21.3793
    10        1  25.1332  122648          0        0      LAST      21.4172

